B-53-6	143799	0.0	0.0019823323504880573	0.002243393339514557	0.00684624186545853	0.006452231539517442	0.006599658164497891	0.002847204157206404	0.00559671175237479	0.004206820815686017	0.002392462578953305	0.0019887893012009716	0.001691394201184788	0.006998741363536372
B-60-14	143800	0.0019823323504880573	0.0	0.0022060836062555507	0.007105695806957386	0.006676604888145198	0.007385974723608833	0.0024714139522643845	0.005638430770068096	0.004785315032615608	0.001919496474474264	0.0013704297055565427	0.0015424639175293678	0.00728263914423719
B-60-15	143801	0.002243393339514557	0.0022060836062555507	0.0	0.006649694089234244	0.005974568519036485	0.007082573639528088	0.002576414290702379	0.0053275530642417105	0.0043453452056341916	0.0019417081143875933	0.0020242948587637886	0.0016136764920599306	0.006979192007630225
B-6-16	143803	0.00684624186545853	0.007105695806957386	0.006649694089234244	0.0	0.0015041267385785912	0.002435014380746896	0.006825275057101579	0.0026137284346461256	0.0037794544336220465	0.006742082014572954	0.006897896252079799	0.006635649209173931	0.0013669787369487165
B-6-24	143804	0.006452231539517442	0.006676604888145198	0.005974568519036485	0.0015041267385785912	0.0	0.002782842257425909	0.006396142709617081	0.0024142368027728744	0.003515625797984248	0.0063129240655550225	0.006441997089934204	0.006161760688565297	0.0018828661220458354
B-6-7	143805	0.006599658164497891	0.007385974723608833	0.007082573639528088	0.002435014380746896	0.002782842257425909	0.0	0.007109691861634385	0.003446380862581248	0.0041348508163530796	0.0071292712900997614	0.007167242980643273	0.006832214119915538	0.002578213610469746
C1	143811	0.002847204157206404	0.0024714139522643845	0.002576414290702379	0.006825275057101579	0.006396142709617081	0.007109691861634385	0.0	0.005491930210490052	0.004666897215821599	0.00227369051225185	0.0022957943240227386	0.0022940945887360885	0.006846881417447314
S-53-20	143813	0.00559671175237479	0.005638430770068096	0.0053275530642417105	0.0026137284346461256	0.0024142368027728744	0.003446380862581248	0.005491930210490052	0.0	0.002980808939018866	0.005408826288543962	0.005528955359588002	0.0052507949679754685	0.0029117510811486683
S-53-27	143814	0.004206820815686017	0.004785315032615608	0.0043453452056341916	0.0037794544336220465	0.003515625797984248	0.0041348508163530796	0.004666897215821599	0.002980808939018866	0.0	0.004431883769915285	0.004573472280902565	0.004292603436720785	0.004127754984669283
S-60-3	143815	0.002392462578953305	0.001919496474474264	0.0019417081143875933	0.006742082014572954	0.0063129240655550225	0.0071292712900997614	0.00227369051225185	0.005408826288543962	0.004431883769915285	0.0	0.0018403431199272386	0.0015743167137628176	0.007023198067457338
S-60-5	143816	0.0019887893012009716	0.0013704297055565427	0.0020242948587637886	0.006897896252079799	0.006441997089934204	0.007167242980643273	0.0022957943240227386	0.005528955359588002	0.004573472280902565	0.0018403431199272386	0.0	0.0015801364979536928	0.0070468385332757965
S-60-9	143817	0.001691394201184788	0.0015424639175293678	0.0016136764920599306	0.006635649209173931	0.006161760688565297	0.006832214119915538	0.0022940945887360885	0.0052507949679754685	0.004292603436720785	0.0015743167137628176	0.0015801364979536928	0.0	0.006812174193780728
S-br-8	143822	0.006998741363536372	0.00728263914423719	0.006979192007630225	0.0013669787369487165	0.0018828661220458354	0.002578213610469746	0.006846881417447314	0.0029117510811486683	0.004127754984669283	0.007023198067457338	0.0070468385332757965	0.006812174193780728	0.0
