B-53-6	143799	0	0.1347270196422127	0.16770372527959324	0.5632791176055906	0.5517714594168147	0.5616777151013574	0.2088495084633011	0.505308815959359	0.39681565877884895	0.14521224925482842	0.13255491787057194	0.15034741751538067	0.568470889221348
B-60-14	143800	0.1347270196422127	0	0.12738136797745805	0.6068605992780141	0.5929287112476124	0.6078807361870923	0.214526171914549	0.5412683642920718	0.4470448179271707	0.11996544554004626	0.11232041203578204	0.10167148664825593	0.6083713892986794
B-60-15	143801	0.16770372527959324	0.12738136797745805	0	0.5981434625716994	0.57773794520846	0.6057196343576365	0.1948804118551357	0.5372144376099494	0.4408732513777022	0.10709647221919513	0.12978435367638008	0.10466950986259749	0.605588970693255
B-6-16	143803	0.5632791176055906	0.6068605992780141	0.5981434625716994	0	0.08383461607873752	0.07437435101730167	0.562926425797474	0.11842040205265542	0.23385189550186603	0.5855600260685978	0.5672428166811043	0.6037161738170653	0.06446578796755849
B-6-24	143804	0.5517714594168147	0.5929287112476124	0.57773794520846	0.08383461607873752	0	0.10972567634578327	0.5516125415367052	0.10322730301923007	0.22634437192812829	0.569898059493649	0.5533109286507026	0.5850593887150702	0.06822259327635047
B-6-7	143805	0.5616777151013574	0.6078807361870923	0.6057196343576365	0.07437435101730167	0.10972567634578327	0	0.5633698103375472	0.13479696012029863	0.24300202407584956	0.5901155651811237	0.5705653322886491	0.6031575493100848	0.0838195653601736
C1	143811	0.2088495084633011	0.214526171914549	0.1948804118551357	0.562926425797474	0.5516125415367052	0.5633698103375472	0	0.5051498980792498	0.4010154905335629	0.17355726337015728	0.16604436177891296	0.19804110659846721	0.5657146260295827
S-53-20	143813	0.505308815959359	0.5412683642920718	0.5372144376099494	0.11842040205265542	0.10322730301923007	0.13479696012029863	0.5051498980792498	0	0.18794655138534094	0.5276813242051861	0.4988577513802701	0.5442687164245125	0.12201089039306459
S-53-27	143814	0.39681565877884895	0.4470448179271707	0.4408732513777022	0.23385189550186603	0.22634437192812829	0.24300202407584956	0.4010154905335629	0.18794655138534094	0	0.42354691665949934	0.4016282642089093	0.4393928403519377	0.24020942109617963
S-60-3	143815	0.14521224925482842	0.11996544554004626	0.10709647221919513	0.5855600260685978	0.569898059493649	0.5901155651811237	0.17355726337015728	0.5276813242051861	0.42354691665949934	0	0.11599974475428437	0.10098509827631155	0.5924603808731591
S-60-5	143816	0.13255491787057194	0.11232041203578204	0.12978435367638008	0.5672428166811043	0.5533109286507026	0.5705653322886491	0.16604436177891296	0.4988577513802701	0.4016282642089093	0.11599974475428437	0	0.12333981137839369	0.5692136078614364
S-60-9	143817	0.15034741751538067	0.10167148664825593	0.10466950986259749	0.6037161738170653	0.5850593887150702	0.6031575493100848	0.19804110659846721	0.5442687164245125	0.4393928403519377	0.10098509827631155	0.12333981137839369	0	0.6050141931056745
S-br-8	143822	0.568470889221348	0.6083713892986794	0.605588970693255	0.06446578796755849	0.06822259327635047	0.0838195653601736	0.5657146260295827	0.12201089039306459	0.24020942109617963	0.5924603808731591	0.5692136078614364	0.6050141931056745	0
