B-53-6	143799	0.0	0.001007149193372997	0.0012119929927498496	0.004051875890368862	0.004072500982020708	0.003999481248286618	0.0014451119336977652	0.003818132981103545	0.0029988448312537556	0.0012529704344804366	0.0011775240867113958	0.0009177826778196484	0.004177450262412884
B-60-14	143800	0.001007149193372997	0.0	0.0008730433747517458	0.0041521387395722816	0.00414982451216213	0.004209806578460968	0.00115272775212143	0.00382516978730274	0.0031538061415571713	0.0008028908617838046	0.0007154901212856403	0.0007053699038052457	0.00424333032481649
B-60-15	143801	0.0012119929927498496	0.0008730433747517458	0.0	0.004035712638575544	0.00398457990184878	0.004138536373804144	0.0010561823250117633	0.0037443019435109155	0.0030582619956238733	0.0008425475195962155	0.0008554284206789505	0.0007205170959532327	0.004172046740127216
B-6-16	143803	0.004051875890368862	0.0041521387395722816	0.004035712638575544	0.0	0.0004511367591550706	0.0005741330590649713	0.0036736375206594014	0.0007273590299984179	0.001511439379422526	0.003926322197696315	0.003972377155802705	0.003958802556965195	0.0004454603685176363
B-6-24	143804	0.004072500982020708	0.00414982451216213	0.00398457990184878	0.0004511367591550706	0.0	0.0006433712713985384	0.003691196216321928	0.000746801568563443	0.001556607306289841	0.003946196557182922	0.003970061130801344	0.003956466618651135	0.00044090148783472406
B-6-7	143805	0.003999481248286618	0.004209806578460968	0.004138536373804144	0.0005741330590649713	0.0006433712713985384	0.0	0.003735058958400737	0.0009151371758814027	0.0016074780789867953	0.0040175594859583885	0.004030053484559336	0.003989771518278359	0.0006273725844480863
C1	143811	0.0014451119336977652	0.00115272775212143	0.0010561823250117633	0.0036736375206594014	0.003691196216321928	0.003735058958400737	0.0	0.0034066800805747062	0.0027519542277577597	0.001028089155125125	0.0009980305413726685	0.0008758915547107202	0.0037427067766162437
S-53-20	143813	0.003818132981103545	0.00382516978730274	0.0037443019435109155	0.0007273590299984179	0.000746801568563443	0.0009151371758814027	0.0034066800805747062	0.0	0.0013265512415782095	0.003661408915349315	0.0036522304454836767	0.003639133608103091	0.0008476459710817633
S-53-27	143814	0.0029988448312537556	0.0031538061415571713	0.0030582619956238733	0.001511439379422526	0.001556607306289841	0.0016074780789867953	0.0027519542277577597	0.0013265512415782095	0.0	0.0029668574571685463	0.0029714894731023432	0.0029437308178566902	0.0016875695805656722
S-60-3	143815	0.0012529704344804366	0.0008028908617838046	0.0008425475195962155	0.003926322197696315	0.003946196557182922	0.0040175594859583885	0.001028089155125125	0.003661408915349315	0.0029668574571685463	0.0	0.0009293293005572867	0.0006677659955473864	0.004056536986200578
S-60-5	143816	0.0011775240867113958	0.0007154901212856403	0.0008554284206789505	0.003972377155802705	0.003970061130801344	0.004030053484559336	0.0009980305413726685	0.0036522304454836767	0.0029714894731023432	0.0009293293005572867	0.0	0.0007383793861231285	0.004067351761349361
S-60-9	143817	0.0009177826778196484	0.0007053699038052457	0.0007205170959532327	0.003958802556965195	0.003956466618651135	0.003989771518278359	0.0008758915547107202	0.003639133608103091	0.0029437308178566902	0.0006677659955473864	0.0007383793861231285	0.0	0.004049982850521134
S-br-8	143822	0.004177450262412884	0.00424333032481649	0.004172046740127216	0.0004454603685176363	0.00044090148783472406	0.0006273725844480863	0.0037427067766162437	0.0008476459710817633	0.0016875695805656722	0.004056536986200578	0.004067351761349361	0.004049982850521134	0.0
